038 0.817515734647413 4700 3900 4840 4040
038 0.8850758767801095 4600 4060 4740 4200
038 0.8237512308448903 4800 9060 4940 9200
038 0.8331106859987055 4860 9080 5000 9220
074 0.7436028998936345 1820 2000 1960 2140
074 0.7149485073646246 4460 260 4600 400
074 0.7339640617751677 4880 1860 5020 2000
074 0.9231385832145137 5060 1840 5200 1980
074 0.7111050666207462 5200 1860 5340 2000
067 0.9302804634959707 1820 4300 1960 4440
067 0.9014378988954997 4040 4100 4180 4240
067 0.7396765475004115 4080 4060 4220 4200
067 0.7618632672712524 5260 1280 5400 1420
067 0.8480488211843571 5300 1440 5440 1580
067 0.814107760513646 5800 3500 5940 3640
067 0.88847076902027 6700 700 6840 840
043 0.9431594488581753 220 1280 360 1420
043 0.9176278253461726 260 4200 400 4340
043 0.8057643348390802 500 4000 640 4140
043 0.8404002026562325 6640 800 6780 940
043 0.7286621109691535 6880 4440 7020 4580
018 0.7352043230638944 3620 880 3760 1020
018 0.7684295939811306 3680 2440 3820 2580
018 0.7447035504772748 4020 2620 4160 2760
018 0.7009764607958384 4260 2100 4400 2240
