038 0.6099577496414922 830 4120 950 4220
038 0.7529283241812189 2520 5540 2640 5640
038 0.707677871160786 2750 5520 2870 5620
038 0.613797586933194 3870 9640 3990 9740
038 0.6297430825460861 4810 9080 4930 9180
074 0.6747198211143152 750 5100 870 5200
074 0.6263904442477765 1810 1600 1930 1700
074 0.6825291958521782 2540 7000 2660 7100
074 0.6940382027527221 4870 1790 4990 1890
074 0.7117221175336091 4870 1870 4990 1970
074 0.6529632768825636 4790 3540 4910 3640
074 0.834586867017804 4810 3540 4930 3640
067 0.6487603061437769 4080 4080 4200 4180
067 0.7084709910869517 5250 1100 5370 1200
067 0.7642672672290366 5290 1330 5410 1430
067 0.6707810148877394 5370 1350 5490 1450
067 0.8345567608041428 5500 2060 5620 2160
043 0.6151949995100773 540 4040 660 4140
043 0.8777610831714799 1310 3350 1430 3450
043 0.7201134243978166 3540 3620 3660 3720
043 0.7101565934465215 3540 3640 3660 3740
043 0.6635962324281914 6020 3750 6140 3850
043 0.7245944264587313 6100 3810 6220 3910
043 0.6678393893103366 6310 20 6430 120
043 0.6165724399499432 6290 3830 6410 3930
043 0.7666059478726419 6310 3830 6430 3930
036 0.699175660829229 1750 2270 1870 2370
036 0.8515275123598891 1870 2250 1990 2350
036 0.681010189099314 1770 5790 1890 5890
036 0.65932182255432 2020 1000 2140 1100
036 0.6344126034818153 2020 1040 2140 1140
036 0.7299253776044335 2020 5850 2140 5950
036 0.7228982496031123 3100 1750 3220 1850
036 0.9288178123107194 4290 6120 4410 6220
018 0.8630049238169468 370 3250 490 3350
018 0.6837748653378839 1100 4250 1220 4350
018 0.7217141432506373 1310 3540 1430 3640
018 0.6724376911265683 1250 6370 1370 6470
018 0.6209737471989311 1350 6370 1470 6470
018 0.6903777535369966 1500 6310 1620 6410
018 0.6088070806415612 1810 5080 1930 5180
018 0.6780508870208356 3040 750 3160 850
018 0.6163114319372004 3020 1540 3140 1640
018 0.7235031820721364 3040 1540 3160 1640
018 0.6088950530127935 3060 1890 3180 1990
018 0.70635919473094 3000 2040 3120 2140
018 0.7194613523867422 3040 2040 3160 2140
018 0.674236678612111 3000 2350 3120 2450
018 0.9201209574559844 3580 1060 3700 1160
018 0.6273460397870051 3600 1390 3720 1490
018 0.6100360507324316 3560 1540 3680 1640
018 0.9209141233098875 3580 1540 3700 1640
018 0.7574403971763709 3600 1540 3720 1640
018 0.8601764836947292 3520 1890 3640 1990
018 0.7753476674173884 3560 2250 3680 2350
038 0.7529283241812189 2520 5540 2640 5640
038 0.707677871160786 2750 5520 2870 5620
074 0.7117221175336091 4870 1870 4990 1970
074 0.834586867017804 4810 3540 4930 3640
067 0.7084709910869517 5250 1100 5370 1200
067 0.7642672672290366 5290 1330 5410 1430
067 0.8345567608041428 5500 2060 5620 2160
043 0.8777610831714799 1310 3350 1430 3450
043 0.7201134243978166 3540 3620 3660 3720
043 0.7101565934465215 3540 3640 3660 3740
043 0.7245944264587313 6100 3810 6220 3910
043 0.7666059478726419 6310 3830 6430 3930
036 0.8515275123598891 1870 2250 1990 2350
036 0.7299253776044335 2020 5850 2140 5950
036 0.7228982496031123 3100 1750 3220 1850
036 0.9288178123107194 4290 6120 4410 6220
018 0.8630049238169468 370 3250 490 3350
018 0.7217141432506373 1310 3540 1430 3640
