038 0.570015473362924 810 4120 930 4220
038 0.8265884554386316 2500 5540 2620 5640
038 0.5917574325641267 2540 5560 2660 5660
038 0.7067846989843596 2560 5540 2680 5640
038 0.6482636447355833 4060 9560 4180 9660
074 0.7324719136965815 1830 1770 1950 1870
074 0.6291709494434657 2350 7750 2470 7850
074 0.5347088619303003 2520 7000 2640 7100
074 0.6310192588258444 4580 3370 4700 3470
074 0.6764815338068428 4830 3540 4950 3640
074 0.7543338804038131 6040 3770 6160 3870
074 0.5102299460567635 6350 3830 6470 3930
067 0.5354007607498487 1560 4270 1680 4370
067 0.6357494258545903 3810 4330 3930 4430
067 0.8480035371649185 5560 2040 5680 2140
067 0.5992140738086688 6600 520 6720 620
067 0.6757824102967311 6830 640 6950 740
043 0.646259280072989 20 1560 140 1660
043 0.6285779538788804 330 4020 450 4120
043 0.649426211882694 620 4020 740 4120
043 0.659111122805275 1330 4330 1450 4430
043 0.5492901019632015 6020 3870 6140 3970
043 0.8844950752948707 6060 3870 6180 3970
043 0.6492208757722902 6870 4560 6990 4660
043 0.5156513594624224 6870 4580 6990 4680
036 0.5839548542600748 1520 2390 1640 2490
036 0.5202471474525326 1540 5560 1660 5660
036 0.6776439441730279 1750 1580 1870 1680
036 0.6667895315145989 1850 5540 1970 5640
036 0.5825974639193336 2000 6120 2120 6220
036 0.7345366829693519 2750 1770 2870 1870
036 0.6397926114640212 2750 1850 2870 1950
036 0.6145987445572243 2870 1830 2990 1930
018 0.5571775698728711 370 3000 490 3100
018 0.5559175108452143 600 8540 720 8640
018 0.9314817777061766 870 7750 990 7850
018 0.7105677750549234 1600 4100 1720 4200
018 0.5419845963039273 1500 6330 1620 6430
018 0.5334909840479407 3100 640 3220 740
018 0.6004340869656458 3000 1870 3120 1970
018 0.7323819955941415 3020 1870 3140 1970
018 0.9715125752272313 3600 2250 3720 2350
018 0.5525730373233942 4100 2540 4220 2640
