038 0.7180254257829624 820 4000 960 4140
038 0.7570330598147897 2700 5700 2840 5840
038 0.8786062249190572 2840 5500 2980 5640
038 0.8038791990687176 2860 5500 3000 5640
038 0.746403139635366 3900 9640 4040 9780
038 0.9410532732112895 4600 5200 4740 5340
038 0.8594018857043966 4660 5300 4800 5440
038 0.8435843543905065 4860 3820 5000 3960
038 0.7061468393141779 4860 4000 5000 4140
038 0.862054755715805 4800 5060 4940 5200
038 0.8278886484810305 4820 9020 4960 9160
038 0.7440021662039495 4840 9020 4980 9160
074 0.8853963177521922 620 5000 760 5140
074 0.8304265684539573 660 5020 800 5160
074 0.9080877885552379 800 4880 940 5020
074 0.9913984954090684 800 5020 940 5160
074 0.8849073516706338 820 5020 960 5160
074 0.9150668505554195 900 5020 1040 5160
074 0.8352232543853809 1700 1900 1840 2040
074 0.8039276096606314 1860 1700 2000 1840
074 0.9287136353285902 1860 2040 2000 2180
074 0.9968181543736323 1860 2060 2000 2200
074 0.9277966122114535 2240 7800 2380 7940
074 0.7004630849287503 2260 7880 2400 8020
074 0.7630826922562123 2400 6900 2540 7040
074 0.7298131049710517 2460 7020 2600 7160
074 0.7089337960104068 2460 7080 2600 7220
074 0.7477051299390338 4280 240 4420 380
074 0.9129496410087153 4260 7220 4400 7360
074 0.8191502516259808 4420 200 4560 340
074 0.706275821209756 4420 280 4560 420
074 0.7439112281538536 4400 7240 4540 7380
074 0.7793040806498175 4820 3480 4960 3620
074 0.8633894267088629 4840 3480 4980 3620
074 0.719654104937701 4860 3480 5000 3620
074 0.8373685654198844 4880 3480 5020 3620
074 0.7507691358329854 4880 3640 5020 3780
067 0.7340988772795842 1640 4280 1780 4420
067 0.8110390596947055 1640 4300 1780 4440
067 0.7375514816794305 1700 4400 1840 4540
067 0.7458326570347669 1820 4240 1960 4380
067 0.8257041952288149 1860 4280 2000 4420
067 0.703834438833985 1860 4300 2000 4440
067 0.8571291737085066 3820 4200 3960 4340
067 0.9279691542390758 5200 1400 5340 1540
067 0.7868044186990119 5620 2020 5760 2160
067 0.8739084528685944 5800 3260 5940 3400
067 0.9360162154983954 5860 3400 6000 3540
067 0.7058680828212108 6640 480 6780 620
067 0.8414927690605578 6800 400 6940 540
067 0.9032363956651888 6800 420 6940 560
043 0.8783254624445314 300 4200 440 4340
043 0.8223487230897332 300 4220 440 4360
043 0.8875262425130543 300 4260 440 4400
043 0.713778604067536 480 4260 620 4400
043 0.847145843126709 5220 4080 5360 4220
043 0.7103565101248813 5300 4260 5440 4400
043 0.7747383231949343 6420 0 6560 140
043 0.7645378866871615 6440 0 6580 140
043 0.719908299784194 6460 3820 6600 3960
043 0.9069996986010538 6460 3900 6600 4040
043 0.9882673132517195 6480 3820 6620 3960
043 0.9715385210380042 6480 3900 6620 4040
043 0.914539747853553 6500 3820 6640 3960
043 0.7382939091066603 6700 620 6840 760
043 0.7960307837590218 6700 640 6840 780
043 0.9599511263337085 6640 860 6780 1000
043 0.9788226998203309 6640 880 6780 1020
043 0.8566949361672637 6660 900 6800 1040
043 0.8810610064025912 6680 800 6820 940
043 0.8568905759869029 6800 4440 6940 4580
056 0.7649503853058741 660 80 800 220
036 0.7920799483778206 1680 2200 1820 2340
036 0.8777544576510566 1660 5440 1800 5580
036 0.7998487895554398 1700 5860 1840 6000
036 0.8593462864984838 2000 5880 2140 6020
036 0.7978743549285711 2040 5860 2180 6000
036 0.9000807096529547 2200 1080 2340 1220
036 0.7637256360844483 2220 1000 2360 1140
036 0.7045783667894818 2220 1080 2360 1220
036 0.7980136098542764 2900 1820 3040 1960
036 0.8316473727686579 3040 1700 3180 1840
036 0.8356343527720049 3000 1860 3140 2000
036 0.8462355709252497 3060 1840 3200 1980
036 0.9086027252037352 4280 6060 4420 6200
018 0.9495897314832872 440 7040 580 7180
018 0.7729440514953501 460 7280 600 7420
018 0.8730883068211106 640 8640 780 8780
018 0.8992303440716578 1100 7600 1240 7740
018 0.7922350325091172 1680 4880 1820 5020
018 0.7977784082931954 1800 5100 1940 5240
018 0.7759106081073053 1840 5100 1980 5240
018 0.7237443333407909 1840 5200 1980 5340
018 0.9240309097835002 3100 680 3240 820
018 0.7383278544442616 3060 1280 3200 1420
018 0.7223183812427925 3000 2080 3140 2220
018 0.7026594980454336 3280 2200 3420 2340
018 0.7159179850925477 3280 2240 3420 2380
018 0.7622021361414278 3260 2440 3400 2580
018 0.858061977691667 3500 1100 3640 1240
018 0.9049885211199483 3480 1420 3620 1560
018 0.9816902454418001 3680 1260 3820 1400
018 0.86750354874012 3680 1400 3820 1540
018 0.8995685995462904 3700 1400 3840 1540
018 0.8957806235848511 3700 1420 3840 1560
018 0.9482005298896455 3660 1860 3800 2000
018 0.7516945488378357 3700 2280 3840 2420
018 0.9632957431041737 3700 2300 3840 2440
018 0.8620252294545102 3700 2460 3840 2600
018 0.7766177274302627 3840 880 3980 1020
018 0.9372054741722909 3860 900 4000 1040
018 0.9412413744464667 3820 1660 3960 1800
018 0.8842254444540181 3840 1660 3980 1800
018 0.9478634927196129 3840 1680 3980 1820
018 0.9188920838420434 4020 600 4160 740
018 0.9448552289345596 4080 600 4220 740
018 0.7581052093440176 4040 860 4180 1000
018 0.9461120356034114 4220 2480 4360 2620
018 0.9103749258378185 4300 2440 4440 2580
018 0.8870589599917222 4300 2460 4440 2600
018 0.7422952409950707 4420 2420 4560 2560
018 0.8750458430295949 4440 2420 4580 2560
